3/-3.235518,8.689024,0.000000/-3.235518,9.870427,0.000000
3/-3.235518,9.870427,0.000000/3.235518,9.870427,0.000000
3/3.235518,9.870427,0.000000/3.235518,8.917683,0.000000
3/-0.575457,0.000000,0.000000/-1.836890,0.000000,0.000000
3/1.661585,8.689024,0.000000/-3.235518,8.689024,0.000000
9/4,4,0,0.000000,1.000000/0.000000,0.000000,0.000000,0.000000,1.000000,1.000000,1.000000,1.000000/3.235518,8.917683,0.000000,1.000000,2.599085,8.239329,0.000000,1.000000,1.970274,7.336128,0.000000,1.000000,1.345274,6.215701,0.000000,1.000000
9/4,4,0,0.000000,1.000000/0.000000,0.000000,0.000000,0.000000,1.000000,1.000000,1.000000,1.000000/1.345274,6.215701,0.000000,1.000000,0.720274,5.091463,0.000000,1.000000,0.236280,3.936738,0.000000,1.000000,-0.106707,2.747713,0.000000,1.000000
9/4,4,0,0.000000,1.000000/0.000000,0.000000,0.000000,0.000000,1.000000,1.000000,1.000000,1.000000/-0.106707,2.747713,0.000000,1.000000,-0.350610,1.913110,0.000000,1.000000,-0.506860,0.994665,0.000000,1.000000,-0.575457,0.000000,0.000000,1.000000
9/4,4,0,0.000000,1.000000/0.000000,0.000000,0.000000,0.000000,1.000000,1.000000,1.000000,1.000000/-1.836890,0.000000,0.000000,1.000000,-1.825457,0.785061,0.000000,1.000000,-1.669207,1.737805,0.000000,1.000000,-1.375762,2.850610,0.000000,1.000000
9/4,4,0,0.000000,1.000000/0.000000,0.000000,0.000000,0.000000,1.000000,1.000000,1.000000,1.000000/-1.375762,2.850610,0.000000,1.000000,-1.078506,3.963415,0.000000,1.000000,-0.655488,5.038110,0.000000,1.000000,-0.102896,6.074695,0.000000,1.000000
9/4,4,0,0.000000,1.000000/0.000000,0.000000,0.000000,0.000000,1.000000,1.000000,1.000000,1.000000/-0.102896,6.074695,0.000000,1.000000,0.449695,7.107470,0.000000,1.000000,1.036585,7.980183,0.000000,1.000000,1.661585,8.689024,0.000000,1.000000
