3/-4.679878,0.000000,0.000000/-0.842226,10.000000,0.000000
3/-0.842226,10.000000,0.000000/0.586890,10.000000,0.000000
3/0.586890,10.000000,0.000000/4.679878,0.000000,0.000000
3/4.679878,0.000000,0.000000/3.170732,0.000000,0.000000
3/3.170732,0.000000,0.000000/2.004573,3.029726,0.000000
3/2.004573,3.029726,0.000000/-2.176067,3.029726,0.000000
3/-2.176067,3.029726,0.000000/-3.277439,0.000000,0.000000
3/-3.277439,0.000000,0.000000/-4.679878,0.000000,0.000000
3/-1.794970,4.108232,0.000000/1.592988,4.108232,0.000000
3/1.592988,4.108232,0.000000/0.552591,6.875000,0.000000
3/-0.697409,7.038872,0.000000/-1.794970,4.108232,0.000000
9/4,4,0,0.000000,1.000000/0.000000,0.000000,0.000000,0.000000,1.000000,1.000000,1.000000,1.000000/0.552591,6.875000,0.000000,1.000000,0.232470,7.717226,0.000000,1.000000,-0.003811,8.407012,0.000000,1.000000,-0.160061,8.948171,0.000000,1.000000
9/4,4,0,0.000000,1.000000/0.000000,0.000000,0.000000,0.000000,1.000000,1.000000,1.000000,1.000000/-0.160061,8.948171,0.000000,1.000000,-0.285823,8.307927,0.000000,1.000000,-0.464939,7.671494,0.000000,1.000000,-0.697409,7.038872,0.000000,1.000000
