3/-4.771341,0.000000,0.000000/-4.771341,10.000000,0.000000
3/-4.771341,10.000000,0.000000/-2.778201,10.000000,0.000000
3/-2.778201,10.000000,0.000000/-0.411585,2.919207,0.000000
3/0.598323,3.041159,0.000000/2.991616,10.000000,0.000000
3/2.991616,10.000000,0.000000/4.771341,10.000000,0.000000
3/4.771341,10.000000,0.000000/4.771341,0.000000,0.000000
3/4.771341,0.000000,0.000000/3.498476,0.000000,0.000000
3/3.498476,0.000000,0.000000/3.498476,8.368902,0.000000
3/3.498476,8.368902,0.000000/0.590701,0.000000,0.000000
3/0.590701,0.000000,0.000000/-0.602134,0.000000,0.000000
3/-0.602134,0.000000,0.000000/-3.494665,8.513720,0.000000
3/-3.494665,8.513720,0.000000/-3.494665,0.000000,0.000000
3/-3.494665,0.000000,0.000000/-4.771341,0.000000,0.000000
9/4,4,0,0.000000,1.000000/0.000000,0.000000,0.000000,0.000000,1.000000,1.000000,1.000000,1.000000/-0.411585,2.919207,0.000000,1.000000,-0.194360,2.259909,0.000000,1.000000,-0.034299,1.768293,0.000000,1.000000,0.064787,1.440549,0.000000,1.000000
9/4,4,0,0.000000,1.000000/0.000000,0.000000,0.000000,0.000000,1.000000,1.000000,1.000000,1.000000/0.064787,1.440549,0.000000,1.000000,0.179116,1.802591,0.000000,1.000000,0.358232,2.336128,0.000000,1.000000,0.598323,3.041159,0.000000,1.000000
