3/-3.776677,0.000000,0.000000/-6.429116,10.000000,0.000000
3/-6.429116,10.000000,0.000000/-5.072409,10.000000,0.000000
3/-5.072409,10.000000,0.000000/-3.551829,3.445122,0.000000
3/-2.679116,3.246951,0.000000/-0.773628,10.000000,0.000000
3/-0.773628,10.000000,0.000000/0.823171,10.000000,0.000000
3/0.823171,10.000000,0.000000/2.252287,4.939024,0.000000
3/3.528963,3.574695,0.000000/5.099085,10.000000,0.000000
3/5.099085,10.000000,0.000000/6.429116,10.000000,0.000000
3/6.429116,10.000000,0.000000/3.685213,0.000000,0.000000
3/3.685213,0.000000,0.000000/2.412348,0.000000,0.000000
3/2.412348,0.000000,0.000000/0.304878,7.618140,0.000000
3/-0.304878,7.618140,0.000000/-2.423780,0.000000,0.000000
3/-2.423780,0.000000,0.000000/-3.776677,0.000000,0.000000
9/4,4,0,0.000000,1.000000/0.000000,0.000000,0.000000,0.000000,1.000000,1.000000,1.000000,1.000000/-3.551829,3.445122,0.000000,1.000000,-3.387957,2.759146,0.000000,1.000000,-3.246951,2.076982,0.000000,1.000000,-3.128811,1.398628,0.000000,1.000000
9/4,4,0,0.000000,1.000000/0.000000,0.000000,0.000000,0.000000,1.000000,1.000000,1.000000,1.000000/-3.128811,1.398628,0.000000,1.000000,-2.873476,2.465701,0.000000,1.000000,-2.724848,3.083079,0.000000,1.000000,-2.679116,3.246951,0.000000,1.000000
9/4,4,0,0.000000,1.000000/0.000000,0.000000,0.000000,0.000000,1.000000,1.000000,1.000000,1.000000/2.252287,4.939024,0.000000,1.000000,2.614329,3.685213,0.000000,1.000000,2.873476,2.503811,0.000000,1.000000,3.033537,1.398628,0.000000,1.000000
9/4,4,0,0.000000,1.000000/0.000000,0.000000,0.000000,0.000000,1.000000,1.000000,1.000000,1.000000/3.033537,1.398628,0.000000,1.000000,3.159299,2.031250,0.000000,1.000000,3.326982,2.755335,0.000000,1.000000,3.528963,3.574695,0.000000,1.000000
9/4,4,0,0.000000,1.000000/0.000000,0.000000,0.000000,0.000000,1.000000,1.000000,1.000000,1.000000/0.304878,7.618140,0.000000,1.000000,0.125762,8.254573,0.000000,1.000000,0.022866,8.647104,0.000000,1.000000,-0.011433,8.791921,0.000000,1.000000
9/4,4,0,0.000000,1.000000/0.000000,0.000000,0.000000,0.000000,1.000000,1.000000,1.000000,1.000000/-0.011433,8.791921,0.000000,1.000000,-0.114329,8.334604,0.000000,1.000000,-0.213415,7.942073,0.000000,1.000000,-0.304878,7.618140,0.000000,1.000000
