3/-4.584604,0.000000,0.000000/-0.716463,5.213415,0.000000
3/-0.716463,5.213415,0.000000/-4.127287,10.000000,0.000000
3/-4.127287,10.000000,0.000000/-2.549543,10.000000,0.000000
3/-2.549543,10.000000,0.000000/-0.735518,7.435213,0.000000
3/0.861280,7.347561,0.000000/2.873476,10.000000,0.000000
3/2.873476,10.000000,0.000000/4.310213,10.000000,0.000000
3/4.310213,10.000000,0.000000/0.796494,5.285823,0.000000
3/0.796494,5.285823,0.000000/4.584604,0.000000,0.000000
3/4.584604,0.000000,0.000000/2.945884,0.000000,0.000000
3/2.945884,0.000000,0.000000/0.430640,3.567073,0.000000
3/-0.483994,3.487043,0.000000/-2.995427,0.000000,0.000000
3/-2.995427,0.000000,0.000000/-4.584604,0.000000,0.000000
9/4,4,0,0.000000,1.000000/0.000000,0.000000,0.000000,0.000000,1.000000,1.000000,1.000000,1.000000/-0.735518,7.435213,0.000000,1.000000,-0.358232,6.901677,0.000000,1.000000,-0.091463,6.493902,0.000000,1.000000,0.068598,6.208079,0.000000,1.000000
9/4,4,0,0.000000,1.000000/0.000000,0.000000,0.000000,0.000000,1.000000,1.000000,1.000000,1.000000/0.068598,6.208079,0.000000,1.000000,0.289634,6.570122,0.000000,1.000000,0.556402,6.951220,0.000000,1.000000,0.861280,7.347561,0.000000,1.000000
9/4,4,0,0.000000,1.000000/0.000000,0.000000,0.000000,0.000000,1.000000,1.000000,1.000000,1.000000/0.430640,3.567073,0.000000,1.000000,0.289634,3.772866,0.000000,1.000000,0.144817,3.993902,0.000000,1.000000,-0.007622,4.237805,0.000000,1.000000
9/4,4,0,0.000000,1.000000/0.000000,0.000000,0.000000,0.000000,1.000000,1.000000,1.000000,1.000000/-0.007622,4.237805,0.000000,1.000000,-0.228659,3.871951,0.000000,1.000000,-0.388720,3.620427,0.000000,1.000000,-0.483994,3.487043,0.000000,1.000000
