3/-0.731707,0.000000,0.000000/-0.731707,4.237805,0.000000
3/-0.731707,4.237805,0.000000/-4.584604,10.000000,0.000000
3/-4.584604,10.000000,0.000000/-2.976372,10.000000,0.000000
3/-2.976372,10.000000,0.000000/-1.002287,6.985518,0.000000
3/1.105183,7.061738,0.000000/3.041159,10.000000,0.000000
3/3.041159,10.000000,0.000000/4.584604,10.000000,0.000000
3/4.584604,10.000000,0.000000/0.590701,4.237805,0.000000
3/0.590701,4.237805,0.000000/0.590701,0.000000,0.000000
3/0.590701,0.000000,0.000000/-0.731707,0.000000,0.000000
9/4,4,0,0.000000,1.000000/0.000000,0.000000,0.000000,0.000000,1.000000,1.000000,1.000000,1.000000/-1.002287,6.985518,0.000000,1.000000,-0.640244,6.421494,0.000000,1.000000,-0.301067,5.857470,0.000000,1.000000,0.011433,5.293445,0.000000,1.000000
9/4,4,0,0.000000,1.000000/0.000000,0.000000,0.000000,0.000000,1.000000,1.000000,1.000000,1.000000/0.011433,5.293445,0.000000,1.000000,0.312500,5.815549,0.000000,1.000000,0.678354,6.406250,0.000000,1.000000,1.105183,7.061738,0.000000,1.000000
